	5424488
һ	1779983
	1610247
	1423538
	1333725
	1283541
	1258096
	1254018
	1214223
	1204832
	1087412
	1058916
Ϊ	1003465
	974362
	868838
	810262
	784421
	764019
	748992
	737438
	734932
	722233
	720400
	715591
ʱ	714037
	707727
ҵ	691830
	689343
	685538
	670016
	663340
	652856
	641183
Ҫ	612971
	605407
	594326
	587748
	583575
	543942
	542449
	534004
	532422
	518797
	517187
	515594
	508146
ǰ	507461
	505322
ѧ	500238
	492037
	478799
	476072
	475556
Ҳ	469274
	466698
	466346
	465067
	459126
ȫ	457206
	454085
	452610
	443069
	439492
	433751
	430423
	430190
Ԫ	422777
	415017
˵	413386
	411796
	405017
	402266
	401962
	401750
	399842
	393220
	392138
	391398
ʵ	390961
	390741
	387228
ͬ	385451
	382664
	380761
	378353
	376642
	376472
	376016
	375051
	369279
	368225
	366285
	365493
	365008
	361648
	361473
	360923
	358270
Ʒ	357775
	355388
	349562
	347531
	345869
С	342955
	342317
	341833
	341712
Ա	341332
Ŀ	339566
	337025
	334787
	333674
	331886
	331546
	327443
	327125
ͨ	326774
	325508
	324647
	324617
	324323
	319086
	317776
	316343
	314937
֮	313489
	310908
չ	308472
	306173
	305454
	305336
	302063
	300553
	297303
	296314
	295396
ʾ	294500
	293707
˾	293206
	290187
	287946
	287277
	283074
	280417
	279547
ƽ	275631
	274234
	273374
	271377
	270965
	267789
	266735
λ	266388
	264902
	264463
	257320
	257164
	255706
	255679
	255130
	254651
	254635
	251007
	249993
	249491
	249407
	249232
	247577
	247222
Ӧ	246893
	245475
	244798
	244105
	243755
ˮ	242526
	240349
	236958
	236877
	236346
	236155
	235411
û	235136
Ȼ	235081
	234905
Щ	230814
	230655
	230184
	229174
	227850
	226476
	226427
	224665
	224375
	223730
	223544
	222541
	222081
	221849
	218311
	218165
	216425
	216063
	214478
	211093
ȥ	210723
	210092
	209507
	207859
	207010
	206629
Ժ	206511
	205897
	204953
	203977
	200466
	200436
	199763
	198879
ʡ	198439
	196992
	196710
	195390
ϵ	194264
	193773
	193264
	191111
ǿ	190709
	189297
	188729
	187337
̨	186492
	185816
	185241
	182391
	180422
	180354
Ů	180353
	180346
	177754
ί	177505
ʽ	177190
	176200
	176119
	175226
	175048
	173903
ֻ	173744
	173532
Ͷ	173446
	172934
	172536
	169020
ͳ	168290
	167839
	167748
	167136
·	167018
	166727
	166507
	165698
Ӱ	165515
	165238
	164993
	164206
	164020
	163342
	163276
	163250
ר	162620
ԭ	161759
	161229
	161143
	160870
ָ	160110
	159908
	159340
	158057
	158043
ʹ	157254
	156136
֤	155567
ÿ	154146
	152615
	151475
ס	151084
	150942
	150627
	150510
	150378
	149928
	149795
	148916
	147698
	146788
ѡ	146553
˹	146284
	146233
ʮ	146075
	145021
	144700
	144611
	144007
ɽ	143953
	143861
Ϣ	141470
	141454
ô	141399
	141117
	140810
	140665
	140411
	140208
	139799
ȡ	139543
	139483
	139323
	139265
	139245
	139069
	138879
Լ	137993
	137666
	137641
	137632
δ	137393
	137356
Դ	137300
	137006
	136914
	136340
	136128
	135271
	135031
׼	134978
Ȩ	133861
	133686
	133007
	132902
ֱ	132500
	132276
	131767
	131425
	130879
	130783
У	130569
	130163
Ԥ	129905
	129822
	129780
֪	129643
	129302
	128759
	128303
	128248
	128087
	128046
	127309
	127148
	127124
	126740
	126659
ɫ	126423
	126321
ũ	125646
	125579
	125139
	124736
	124723
֧	124583
ʿ	124462
	123825
	123608
ͷ	123337
	123190
ҽ	122931
	122457
	122352
	122320
ʩ	122217
	122107
	121618
վ	121340
	120934
	120496
ȷ	120482
	120309
	119725
	119637
	119110
	118867
	118614
	118418
ʦ	116465
	116364
ʳ	116308
	116203
ս	115995
	115953
	115873
	115469
Ӫ	115428
	115304
	115196
	114257
	114207
	114047
	113586
	113344
	113144
	111886
	111675
	110787
	110447
	110207
	109699
	109362
	109256
	109119
	109090
	109037
	108036
	107832
	107651
ʼ	107478
	107316
	106935
	106880
	106873
	106742
	106177
	105853
	105801
	105718
	105619
	105007
	104423
	104404
	104266
	104220
	104196
	104052
	103854
ע	103684
	103613
	103592
ְ	103299
ת	103223
	103155
	102274
	102190
	102089
	101926
	101447
	101014
	100817
	100709
	100585
	99604
	99548
	98996
	98929
Ч	98878
	98670
װ	98445
	98154
	97915
ĳ	97528
	96815
	96143
	95657
	95629
	95068
	94797
	94726
Խ	94672
	94175
ֵ	93892
	93721
	93472
	92063
	91599
	91367
	91232
	90609
	90364
	90295
	90002
	89703
Э	89683
	89630
Ƭ	89278
	89217
	88780
	88407
	88320
	88100
	88060
	87678
̫	86984
	86964
	86816
	86575
	86541
	86536
	86291
	86271
	85920
	85840
	85690
˰	85609
	85548
	85077
ͼ	84766
΢	84761
Ʊ	84669
	84388
	84334
¥	84311
	84119
Ӣ	84092
	84036
	83758
ģ	83602
	83493
	83263
	83047
	83037
	82934
	82693
	82555
	82219
	81985
	81736
	81559
	81378
	81376
	81165
	81035
	80925
	80922
	80673
	80353
	80311
	79712
	79526
	79510
Ǯ	79313
	78462
	77868
Ⱥ	77685
	77420
	77354
	77207
	77125
	77086
	77009
	76953
	76744
̬	76713
	76541
֯	76276
ʧ	76255
	76112
	76078
˫	75898
	75707
ά	75628
	75291
	75241
	75131
	74402
ý	74309
	74247
	74197
	74195
	73989
	73981
	73760
	73738
	73702
	73697
	73652
ʯ	73265
	73014
	72847
	72819
	72682
	72528
ȴ	72525
	72451
	72209
	72121
	72016
	71967
	71878
	71795
԰	71522
	71459
ŷ	71219
ʲ	71112
	71077
	70654
	70498
	70154
	70030
ϣ	69592
	69407
	69258
	69016
	68925
	68911
	68573
	68511
	68319
	68065
	68032
ִ	67964
	67875
	67573
ͣ	67573
	67430
	67353
	67243
	67145
	67132
ռ	67121
	66827
־	66689
	66681
	66678
	66398
	66395
	66310
ҩ	66275
	66196
	65988
	65764
	65752
	65720
	65531
	65496
	65490
	65265
	65086
	65066
	65015
	65014
	64665
	64646
	63993
	63852
	63731
	63117
	63077
	62866
	62801
	62742
	62514
Χ	62223
	62119
Զ	62096
	62068
ͻ	61945
	61728
	61539
	61528
ѹ	61072
	60355
	60104
	60079
	59963
	59824
	59724
	59636
	59415
ʶ	59325
	59290
	59079
	58996
	58987
ʷ	58832
	58732
¶	58638
	58621
	58510
	58124
	58057
ͥ	57953
	57950
	57814
	57693
	57686
	57604
	57546
	57509
	57415
	57352
	57107
	57068
	56878
	56639
ϰ	56568
	55884
ϯ	55697
	55540
	55526
	55171
	55113
	55016
	54982
	54793
	54776
	54533
	54326
	54311
	54270
	54235
	54083
	54061
	53971
	53962
	53714
˼	53405
	53381
ǧ	52966
	52931
	52926
Υ	52726
	52567
	52287
	52275
	52253
	52229
ֹ	52031
̸	51446
	51440
ĸ	51424
	51245
״	51165
͸	51121
	50881
	50672
	50549
	50530
	50329
Σ	50229
	50079
	49997
	49975
	49868
¼	49533
	49494
	49321
	49243
	49059
	48957
	48805
	48737
	48723
ϸ	48648
	48436
	48193
Ը	48116
	47813
	47795
	47640
	47343
	46944
	46591
	46548
	46399
	46353
	46258
	46251
Ϸ	45882
	45731
	45594
	45245
	45133
	45092
	44916
	44889
	44831
	44721
	44651
	44485
ծ	44406
ǩ	44383
	44367
	44071
	44064
	44041
	44036
Ѫ	43979
ζ	43363
	43328
	43252
	43078
ȱ	43001
	42996
Ϥ	42969
	42826
	42817
ӡ	42768
	42766
	42543
	42306
	42258
	42182
	42027
	42024
	41930
	41926
ȯ	41785
Ƶ	41532
	41531
	41528
	41378
	41378
	41270
	41133
	40963
	40886
	40677
	40634
	40518
	40511
	40420
½	40046
	40020
	40011
	39764
	39723
	39647
ϲ	39535
׷	39469
	39335
д	39310
	38693
	38611
	38559
	38497
	38484
ѵ	38291
	38191
	37989
	37932
	37781
	37754
	37647
	37627
	37600
	37572
	37528
	37438
	37010
	36944
	36891
	36870
ú	36741
	36622
	36525
	36511
	36399
	36378
	36165
	36121
	36068
	35962
	35873
	35837
	35733
	35710
	35694
	35681
	35617
	35495
	35481
	35228
	35198
	35155
	35142
ɳ	35126
	34906
	34868
	34863
	34861
	34667
ë	34575
	34485
	34426
	34323
Ƥ	34252
	34080
	34063
ӵ	34052
	33913
	33593
	33562
	33539
	33537
	33358
	33016
	32995
	32992
	32910
	32863
	32829
	32791
	32549
	32548
	32378
	32199
	32178
	32051
	31948
	31917
	31887
	31853
ѩ	31820
˳	31772
	31739
	31719
	31658
	31550
	31542
˽	31441
	31403
л	31350
	31349
Ⱦ	31269
	31248
ͯ	31242
	31233
ó	31228
	31064
	30961
	30927
	30818
	30786
̽	30726
Ļ	30647
	30559
ŵ	30343
	30317
	30272
	30161
	30161
	30154
	30121
	30088
	30067
	29979
	29899
	29772
Ѷ	29735
ΰ	29732
	29726
	29673
	29672
	29631
	29607
	29558
	29433
	29399
	29383
	29167
	29142
ʤ	29027
	28940
	28880
	28809
	28779
	28750
	28672
	28632
	28563
	28508
Ԯ	28503
	28480
ץ	28456
	28455
	28410
	28400
	28248
	28218
	28214
	28150
	28149
	28039
	27871
	27854
	27850
	27807
լ	27793
	27783
ӳ	27712
ѯ	27562
	27552
	27464
	27455
	27442
ӭ	27415
	27379
ľ	27362
ʢ	27244
	27233
	27218
	27174
	27128
	27062
	26993
	26897
	26893
	26815
	26748
	26734
	26722
	26682
	26608
	26584
	26582
	26574
	26569
	26560
	26528
	26407
	26337
ţ	26317
	26293
	26142
	25906
ҹ	25867
	25789
	25753
	25751
	25736
	25594
	25524
̹	25521
	25414
	25412
	25398
	25396
	25376
	25373
	25365
	25276
	25274
	25250
	25242
	25174
	25100
ɱ	25032
	25027
	24910
	24816
	24722
	24713
	24694
	24638
	24517
	24515
	24491
	24482
	24463
	24454
	24369
	24294
	24229
	24207
Ŭ	24189
	24181
	24170
	24121
	24056
	23960
Ц	23842
	23731
	23672
	23656
	23592
	23547
	23432
	23321
	23320
³	23283
	23264
	23167
Ѹ	23139
̩	22871
	22824
ƻ	22805
	22752
	22698
	22678
	22657
̳	22592
ϴ	22577
	22559
	22549
	22462
	22410
	22383
ʻ	22375
	22328
Ѱ	22296
	22266
֣	22260
	22140
	22090
˭	22035
	21836
	21832
	21766
	21735
	21704
	21680
	21612
	21610
ɭ	21589
	21526
	21509
	21443
	21428
	21387
	21331
	21327
	21318
	21266
	21242
	21192
	21168
;	21127
ɢ	21048
	21019
	21006
	20926
	20863
ĩ	20796
	20791
	20769
	20706
	20625
	20623
	20586
	20477
	20451
ƫ	20445
	20391
פ	20367
	20364
	20265
	20243
	20168
ֽ	20118
÷	20075
	19953
	19903
	19888
	19870
	19864
	19850
	19843
	19832
Һ	19792
	19696
	19657
	19639
	19614
	19606
Ǳ	19605
ƭ	19562
	19562
	19553
	19552
	19473
	19463
˿	19453
	19439
	19427
	19412
	19386
	19336
	19303
ƶ	19293
ׯ	19270
	19209
	19204
	19038
	19037
	19031
ը	19029
	18987
	18964
	18919
	18892
	18753
Ұ	18731
	18700
	18684
	18682
	18663
	18642
Ŧ	18608
	18495
	18454
Ϯ	18434
	18410
	18381
	18302
Ǩ	18264
	18242
	18145
	18128
	18120
	18115
	18081
	18056
	18026
	18019
	17979
	17974
	17951
ȼ	17876
	17875
Ҷ	17832
	17818
	17797
	17791
	17789
	17742
ֲ	17729
	17709
	17685
Ȧ	17684
	17630
ν	17564
	17543
	17525
	17463
	17422
	17410
	17406
	17400
	17379
	17366
Ƹ	17349
	17273
	17251
ʹ	17200
	17145
	17119
	17042
	17017
	17008
	17006
	16946
	16896
	16880
Ī	16855
	16829
	16820
	16808
	16791
	16775
	16702
	16699
	16667
	16639
֢	16555
Ħ	16547
	16520
	16448
	16361
	16357
	16291
	16278
	16266
	16223
	16160
	16093
	16054
	16022
	16010
	15991
	15974
Ȥ	15972
	15951
	15928
	15928
æ	15909
Ӳ	15869
	15837
	15785
	15782
	15701
	15631
	15577
ů	15542
	15522
	15506
	15402
ķ	15391
	15387
	15382
	15354
	15333
	15332
	15317
	15300
	15290
	15286
Ĭ	15263
	15218
	15213
ӯ	15128
	15122
	15105
Ψ	15103
	15076
	15064
	14923
	14898
	14846
	14750
	14730
	14627
	14624
	14554
	14550
	14544
	14515
ϡ	14513
н	14505
	14497
	14488
	14468
	14467
	14431
	14408
	14355
	14350
	14291
	14274
	14261
	14247
	14247
ı	14232
	14230
	14183
ǹ	14117
	14108
	14072
	14066
	14059
	14055
	14031
	14031
˯	14018
	14017
	13999
	13993
ð	13948
	13923
β	13912
	13900
	13801
	13772
Ķ	13756
	13728
	13725
	13698
	13690
	13690
	13660
©	13650
	13546
	13526
	13513
	13441
	13435
	13428
	13426
ƿ	13411
	13402
	13395
	13395
	13388
	13349
	13341
Ѳ	13297
	13282
	13259
	13249
Ծ	13207
	13183
	13160
	13154
Ũ	13105
	13098
	13062
	13061
ױ	13054
ʥ	13024
	13018
̥	13010
	12955
	12919
ף	12913
	12907
	12899
	12866
	12852
Ӯ	12850
	12844
Բ	12795
	12790
	12780
	12754
ƾ	12748
	12730
	12670
	12655
	12615
	12587
	12586
ַ	12584
	12492
	12484
	12460
	12459
ײ	12458
	12458
	12428
	12421
	12416
	12400
	12370
	12368
	12326
ǽ	12318
	12308
	12305
	12273
	12228
	12209
̿	12187
ļ	12171
	12167
	12116
	12112
ͽ	12111
	12091
	12084
ҡ	12081
	12040
	12011
	11996
ʣ	11982
	11951
	11946
	11906
	11899
	11895
	11887
	11858
	11845
Ȫ	11833
	11767
	11726
	11722
	11720
Ĺ	11687
	11671
	11668
֥	11655
	11652
	11627
	11620
Ե	11615
	11607
	11606
	11593
	11592
	11580
	11547
	11537
	11527
	11517
	11511
	11507
	11455
ì	11445
	11442
¬	11442
	11390
	11386
	11379
	11375
	11328
	11319
	11308
	11294
	11268
¡	11164
Ҧ	11160
թ	11150
	11118
Ь	11117
	11099
	11092
	11087
	11084
	11079
	11049
	11022
	10994
	10988
	10942
	10878
	10855
	10797
	10779
	10753
	10737
Ѯ	10722
	10714
	10712
	10706
	10696
	10685
	10673
й	10666
	10659
ʫ	10648
׬	10603
	10591
	10591
ֳ	10584
	10580
	10575
͵	10550
	10527
	10481
	10371
	10360
	10328
	10321
ƪ	10317
Я	10303
	10208
	10208
	10201
	10188
	10188
	10182
Ͽ	10151
	10068
	10018
	10005
	10002
	10001
	9996
	9987
	9971
	9956
	9927
̼	9906
	9880
	9877
	9867
ʪ	9850
	9837
	9819
	9785
	9745
ī	9737
	9673
	9652
	9651
	9640
	9626
	9626
	9623
	9614
	9606
	9602
	9597
	9591
	9587
	9586
	9571
	9557
ҳ	9544
ˢ	9498
	9494
	9482
	9467
	9449
	9419
	9412
	9403
	9401
	9387
	9386
	9364
	9345
в	9335
ż	9333
	9327
	9293
	9282
	9268
	9264
Ӥ	9232
	9219
	9207
	9205
	9201
	9200
	9200
֬	9195
Ƿ	9158
	9141
	9131
	9129
	9094
	9081
	9068
	9065
	9042
	9038
	8997
̰	8968
׳	8964
ͦ	8931
ǣ	8903
	8901
	8887
	8880
	8879
	8875
	8869
ƴ	8869
Ͱ	8859
	8841
г	8828
	8818
	8787
	8776
	8731
Ѻ	8729
	8714
	8687
	8633
è	8601
	8600
	8537
	8510
Τ	8507
	8495
	8469
	8467
	8441
	8434
	8428
	8424
ѭ	8395
	8355
	8354
	8338
é	8335
	8322
ү	8312
	8270
α	8248
ɣ	8220
ǡ	8217
	8192
Ф	8170
	8160
	8139
	8112
	8111
	8065
	8030
	8013
	7988
ɨ	7984
	7973
	7954
	7943
	7942
	7942
	7917
	7907
	7904
	7872
е	7870
	7865
	7845
	7837
	7836
	7835
	7799
	7786
	7785
	7722
	7719
	7717
	7715
	7704
	7687
	7677
	7661
Ԭ	7658
	7634
	7621
	7613
	7588
	7580
	7577
	7576
	7572
	7567
	7551
	7546
ͭ	7541
	7524
	7508
	7498
	7465
	7444
	7433
	7430
	7424
	7410
	7398
˧	7385
	7379
ԣ	7371
	7370
	7365
	7365
	7352
	7349
	7336
Ǹ	7335
	7312
	7304
	7276
	7258
	7229
	7224
	7213
	7212
	7194
	7174
	7169
ϧ	7168
ò	7168
	7162
	7150
Ĥ	7145
	7136
	7124
	7082
	7078
Ͻ	7073
	7071
	7060
	7059
	7054
Ϳ	7044
	7038
	7015
	7005
Ư	7004
	6993
	6993
	6993
	6992
	6983
	6956
	6952
	6952
¢	6943
	6926
	6924
	6918
	6896
ɹ	6890
	6877
	6874
	6838
	6835
Ť	6824
	6812
ȹ	6811
	6806
	6799
	6786
	6768
	6758
	6750
	6749
	6729
	6729
θ	6728
	6720
	6720
ӱ	6713
ŭ	6699
	6692
̯	6690
	6685
	6682
	6671
	6656
	6605
	6602
	6599
	6598
	6588
	6573
	6567
	6562
ĥ	6558
	6546
ħ	6537
ҫ	6506
ּ	6491
	6482
	6476
͢	6462
	6459
	6441
	6441
	6435
	6427
ӿ	6405
	6400
	6388
¯	6382
	6382
	6379
ϼ	6369
	6338
	6321
	6314
ƣ	6314
	6310
	6300
˶	6297
	6295
	6280
	6269
	6265
	6260
Ӿ	6259
	6246
	6230
	6219
ο	6213
	6194
Ԣ	6190
	6186
	6185
	6185
	6182
	6157
	6157
Ƽ	6155
	6146
	6145
	6145
ש	6121
	6120
	6097
	6088
̤	6087
׿	6076
	6057
	6054
	6021
	6010
	6009
ͧ	6000
	5969
	5927
	5912
	5906
˥	5889
	5885
	5883
	5879
	5871
	5856
	5843
	5842
ң	5831
	5796
	5791
ï	5773
Ū	5770
	5765
	5743
֭	5739
	5736
̾	5736
	5726
	5725
	5720
	5711
κ	5708
	5706
	5703
	5699
	5698
	5686
	5680
	5664
	5643
	5641
	5638
	5632
	5631
	5618
	5609
Ȱ	5606
	5594
	5581
	5579
	5578
	5566
	5555
	5540
	5522
	5522
	5521
	5517
ɴ	5509
Թ	5507
	5505
Ϧ	5489
	5485
ä	5467
ѷ	5461
	5450
	5441
	5437
	5429
ʬ	5412
	5398
	5389
ɯ	5387
	5384
	5375
	5374
	5373
	5373
կ	5371
	5343
	5334
	5328
	5323
ݸ	5308
ɥ	5302
	5264
	5255
	5248
	5243
	5230
	5227
	5214
	5199
	5194
	5193
ö	5180
	5179
	5178
	5162
	5161
	5147
	5142
	5129
Ϫ	5127
	5108
	5107
׹	5104
	5098
	5094
ԡ	5087
	5082
̧	5072
̷	5054
	5052
	5047
	5043
	5040
	5029
Х	5024
	5021
	5015
	4998
	4951
	4925
	4921
	4920
	4904
	4881
	4851
	4847
	4837
	4835
	4828
	4825
Ų	4821
Т	4809
	4809
	4800
ժ	4796
	4788
	4780
	4762
	4761
	4740
	4725
ñ	4721
Ү	4712
	4707
	4697
	4690
	4690
	4674
	4671
ҥ	4662
˪	4656
	4655
	4654
ǳ	4652
	4649
	4644
	4643
	4642
	4620
	4612
	4607
	4589
	4579
	4558
	4553
	4551
ü	4540
	4520
Ľ	4510
з	4494
ȭ	4494
	4473
	4469
	4454
̲	4447
	4446
	4443
	4437
͹	4431
	4431
	4414
	4409
	4395
	4386
	4369
ĭ	4364
ƥ	4350
	4348
	4343
	4340
	4332
	4329
	4326
	4315
	4315
	4309
	4297
	4290
	4277
	4257
Į	4250
	4242
	4240
	4237
	4236
	4234
	4214
	4197
	4186
	4178
	4177
	4166
	4163
̭	4161
	4151
	4150
	4147
	4141
	4139
	4127
ơ	4125
	4118
	4110
	4109
	4091
	4075
	4073
	4064
	4062
	4060
	4058
Ĩ	4050
ƺ	4046
	4045
	4041
	4036
	4032
	4018
Ʈ	4006
	4005
	4003
	3997
	3993
	3987
	3985
	3983
	3973
ˬ	3969
Ǧ	3962
	3960
	3959
	3953
	3952
	3950
	3937
	3937
ж	3929
	3925
	3921
	3920
ޱ	3919
	3915
	3913
о	3912
	3910
	3907
	3901
	3894
	3882
	3879
	3873
	3872
բ	3868
	3865
	3861
	3855
	3826
	3825
	3800
	3795
б	3791
	3787
	3785
	3776
̶	3771
	3757
	3750
	3746
	3746
	3740
	3739
¹	3739
	3739
	3738
	3713
˲	3707
	3706
֦	3706
	3693
	3690
	3683
	3677
	3675
	3674
Է	3656
	3641
	3633
	3628
	3622
	3622
ӹ	3613
	3608
	3608
	3596
	3594
	3591
	3590
	3571
	3552
	3535
	3532
	3521
	3514
	3512
ɼ	3511
	3501
	3500
	3499
ӥ	3496
	3491
	3462
ǻ	3457
	3438
	3435
	3411
Ѵ	3403
	3395
ɧ	3394
	3375
	3374
	3369
	3362
	3355
	3351
ɶ	3347
	3345
ͤ	3342
	3340
	3337
Ѽ	3335
	3331
	3328
	3320
	3318
	3313
	3311
	3298
	3296
Ө	3289
ˤ	3289
	3286
	3283
	3282
	3280
	3274
	3270
	3262
	3259
	3257
	3256
	3249
	3246
	3246
	3238
	3234
İ	3234
	3225
	3219
	3219
	3216
	3212
ή	3211
	3211
ɾ	3204
	3203
	3201
	3201
¸	3189
	3188
õ	3186
׫	3186
	3184
	3182
	3179
	3177
	3177
ǲ	3176
	3175
ܰ	3174
	3172
	3171
	3167
	3159
	3159
	3158
	3148
	3145
	3142
	3131
	3127
	3116
	3112
	3088
	3084
խ	3072
	3043
	3042
	3039
	3038
	3037
ղ	3031
	3029
	3022
ԥ	3018
	3018
	3014
	3012
	3002
	3000
ʨ	2999
	2998
Ѧ	2981
	2974
	2971
ι	2971
	2971
	2963
	2962
	2943
	2937
	2935
	2925
ȸ	2921
	2920
	2910
	2898
	2894
	2890
	2877
	2876
	2871
	2869
	2866
	2862
	2862
ε	2857
ˣ	2851
	2844
	2844
	2843
	2843
	2840
Ǣ	2840
	2835
	2833
	2819
Ъ	2816
	2814
	2811
ٻ	2808
	2803
	2799
	2798
	2796
	2794
	2794
	2793
̺	2790
	2768
	2767
	2755
	2751
	2749
	2746
	2741
ϱ	2739
	2737
	2737
	2736
Ҥ	2734
	2734
	2733
	2733
	2732
	2730
ʰ	2730
	2729
	2727
	2724
	2720
	2703
	2703
	2701
	2699
	2692
	2687
	2686
	2681
ѽ	2660
Ź	2659
	2656
	2653
Ӷ	2651
Ĳ	2649
ҧ	2637
	2633
	2629
ɰ	2624
	2622
	2614
	2612
	2607
ɲ	2607
	2600
	2600
	2596
	2575
ɺ	2566
	2564
	2559
Ƣ	2556
׽	2554
	2549
	2548
	2540
	2527
	2527
̱	2519
	2513
	2513
Ѩ	2512
	2511
	2506
	2506
	2499
Ȯ	2499
	2484
Ŷ	2481
ұ	2479
	2476
и	2470
µ	2463
	2458
	2454
	2449
	2441
	2440
Ͳ	2439
֫	2438
	2436
	2432
	2432
	2427
	2419
	2413
	2413
	2413
	2409
	2404
	2401
	2388
	2376
	2371
	2367
	2358
	2347
	2345
	2344
ã	2325
	2325
	2321
	2319
	2317
	2316
	2313
Ǵ	2306
	2299
	2297
	2292
	2292
	2292
ɡ	2291
ӽ	2290
	2290
	2284
	2273
	2271
	2269
	2267
	2265
	2264
	2256
	2256
	2255
	2255
Ϻ	2252
	2242
	2242
	2240
	2239
	2230
ɪ	2227
	2227
	2226
	2220
	2218
	2217
	2213
ù	2202
	2193
	2192
ѿ	2187
	2186
	2183
ƹ	2181
	2179
	2179
	2176
	2174
	2171
	2163
	2155
	2150
	2150
	2149
â	2147
	2147
	2141
	2138
	2134
	2129
	2119
	2115
	2113
	2110
	2108
	2107
	2097
	2097
	2096
	2094
	2089
	2088
	2088
	2087
	2086
	2079
	2076
η	2073
ؽ	2062
	2061
	2058
	2054
	2052
Ű	2051
	2044
	2036
տ	2035
٩	2035
	2031
	2026
	2011
£	2008
	2007
	1999
ѫ	1997
	1996
	1993
	1992
«	1988
	1986
	1984
	1984
	1982
	1982
	1979
	1979
	1973
	1968
ɵ	1961
	1953
	1951
Ԩ	1950
	1948
	1947
	1938
	1938
	1937
	1936
	1933
	1932
	1932
	1930
	1923
ݮ	1923
	1923
ӫ	1922
	1912
	1908
	1908
	1907
	1907
ն	1904
	1903
	1894
դ	1888
	1885
	1879
	1877
	1875
	1873
	1868
	1865
	1864
	1862
	1860
ճ	1859
	1857
	1856
	1854
	1850
	1849
	1848
մ	1848
	1847
	1845
	1844
	1842
»	1838
γ	1826
ϥ	1822
	1821
ɸ	1819
Կ	1819
	1813
϶	1812
	1807
	1807
ǫ	1806
Ǭ	1806
	1796
	1796
	1789
	1788
	1786
	1783
Ѭ	1782
	1780
ѥ	1779
	1774
	1768
¿	1767
	1767
	1765
к	1758
	1757
	1755
	1751
	1746
	1744
Ƕ	1743
	1735
ڹ	1728
	1728
	1726
	1726
	1723
ե	1721
	1718
ͩ	1717
˺	1716
	1711
	1709
	1708
	1699
Ω	1696
ĵ	1692
ܽ	1690
	1684
	1684
	1684
׮	1683
ԩ	1679
	1677
ͮ	1677
	1676
	1664
	1661
	1660
	1658
	1658
Ƚ	1650
Ρ	1649
ӣ	1648
ʴ	1642
	1642
	1640
	1638
	1631
	1631
	1627
	1627
	1626
	1622
	1621
	1617
	1613
˦	1613
	1612
	1610
	1601
	1599
	1595
	1588
	1586
	1581
	1581
	1581
	1574
ɩ	1573
	1566
	1563
	1561
	1560
	1554
	1549
	1549
	1548
	1543
	1543
	1541
	1536
	1536
	1529
	1528
	1526
	1526
	1524
	1523
	1521
	1521
	1520
ǭ	1513
	1511
	1511
	1510
	1507
	1507
	1505
	1503
	1496
ū	1493
	1493
	1492
	1488
	1485
	1483
	1481
	1480
	1479
	1478
	1477
	1475
	1475
	1474
	1472
	1471
	1471
	1468
ܿ	1467
	1466
	1465
	1464
п	1463
	1451
	1448
	1446
	1443
	1440
	1438
	1438
ť	1437
Ϭ	1432
	1427
	1426
	1423
	1420
	1420
	1418
	1416
	1416
	1416
ո	1412
	1403
	1400
	1400
	1399
	1397
Ȣ	1396
	1392
	1389
	1387
	1384
	1382
	1382
	1373
׵	1372
	1371
	1370
	1367
	1365
զ	1361
	1360
а	1360
	1357
	1354
	1352
	1351
	1350
	1349
	1347
ڸ	1345
	1343
հ	1341
	1341
	1339
	1337
	1336
	1335
	1333
	1333
	1331
	1330
	1329
	1329
	1328
	1327
	1325
͡	1324
	1322
	1320
	1320
	1320
	1312
	1312
	1307
ݼ	1305
	1304
˷	1300
	1299
	1298
	1297
	1295
	1293
	1289
	1288
	1288
	1286
	1284
	1283
	1283
ª	1282
	1277
	1274
	1271
	1270
	1270
	1268
	1266
	1266
	1263
	1260
®	1259
	1258
	1257
	1253
	1251
ի	1249
	1249
	1248
	1246
	1245
	1245
ϩ	1241
ɬ	1238
	1227
	1227
	1226
̮	1226
	1225
	1224
	1214
Ż	1208
	1207
	1207
	1204
	1203
	1201
	1201
	1197
	1197
	1192
	1189
	1189
ſ	1189
	1186
	1185
	1185
	1181
۶	1179
	1177
ֶ	1177
	1175
	1173
	1172
	1171
	1171
	1171
	1170
	1169
	1169
	1168
	1168
˸	1167
	1165
	1164
ٲ	1164
	1163
	1162
	1161
	1161
	1160
	1155
	1152
	1149
	1147
	1146
Ң	1145
	1145
	1144
	1139
	1138
׺	1138
	1137
	1137
	1132
	1130
	1128
	1125
	1124
	1124
	1123
Ĵ	1123
շ	1121
	1118
	1115
	1114
	1114
Ϋ	1114
	1110
	1110
	1110
	1108
	1105
	1098
Ҽ	1096
	1095
	1095
	1095
	1094
	1093
	1093
	1090
	1089
	1087
	1085
ġ	1082
	1081
м	1079
ۡ	1078
	1077
	1077
μ	1075
Ͼ	1072
	1072
	1072
	1068
	1065
	1064
	1063
	1061
	1060
٤	1056
į	1055
	1054
ٳ	1054
ɮ	1053
	1051
	1050
	1049
١	1048
	1046
	1046
	1045
	1045
	1042
	1042
ͱ	1041
	1041
˴	1038
	1038
ƨ	1037
	1036
	1027
	1026
	1026
ˡ	1024
յ	1023
	1022
	1021
	1021
	1020
Ѿ	1020
	1019
ֿ	1018
	1018
	1016
	1015
Ƨ	1011
	1004
	1004
̴	1002
	1002
ȩ	1001
	1001
	998
	997
	997
ø	997
	997
	997
	996
	994
	993
	993
	989
	989
	987
	986
	982
	981
	980
	979
	976
	974
	973
	972
	971
	969
	969
	968
	967
	965
	964
	960
	960
	960
خ	960
	959
	956
	953
Ӻ	951
	951
	950
¦	946
	946
	945
Ϲ	943
	942
	938
	937
	936
	934
	934
Ŵ	933
	930
	929
	929
	925
	924
	921
	916
	915
	914
	913
	913
	913
	912
	911
	910
	909
	907
	907
þ	907
	906
	906
	906
	906
Ʃ	903
	902
	902
	900
	900
	899
	895
	894
Ԧ	892
ʸ	889
	888
ѻ	887
	886
	886
	885
	884
	880
	880
	878
	875
	874
	874
	872
	871
	871
	870
	866
	865
	865
	864
	863
	860
	859
	852
	851
	851
	851
Ю	850
	850
	850
	848
	848
	848
	846
	846
	846
ɷ	846
	845
	842
	841
	839
	839
	835
	835
	835
	834
	831
	831
	830
	830
	829
	829
	826
	825
Ϩ	824
	823
	822
	821
	819
	819
	819
	818
	817
	815
	815
	814
	813
	813
	812
ɤ	812
	811
	808
	807
	805
	805
צ	802
	802
˨	801
	800
	800
է	799
	798
	798
	795
	795
	791
ӻ	790
	789
	786
	786
	785
	783
	783
	781
Ģ	781
	781
Ʋ	780
	780
	778
	777
	775
	774
	774
ج	773
	772
	772
Ѥ	770
	768
	767
ز	766
	766
	766
	764
	764
	763
	763
	762
	761
	760
	760
	759
ٸ	759
	758
	758
	757
	756
	756
	754
	751
	750
	750
	750
	749
ٮ	748
	747
	747
	746
	746
	746
	745
	745
	743
	742
	742
	741
­	740
	739
	738
	738
	738
	738
	736
	734
	733
	733
	732
	730
	729
̵	729
	728
	728
	728
	728
´	728
ź	728
	727
	723
	721
	718
ݱ	716
	714
	714
	713
	712
	712
ק	711
	711
	710
ĺ	709
	709
	707
	706
	705
	702
	702
	701
	701
	701
	700
	700
	699
	699
	698
	694
	694
ɿ	694
	693
	692
Ҭ	692
	692
Ӭ	691
	691
	690
	687
	687
	687
	686
ֺ	686
	685
	685
	684
	684
	683
߶	683
	682
	680
	680
	680
	679
	679
	677
	675
	675
	674
	674
	672
	671
	671
	671
	670
	669
	669
	667
	667
	663
	662
	661
	661
	661
	660
š	659
	658
	657
ع	657
Ի	652
	651
	651
	648
	648
	648
	644
	644
¤	644
	644
	642
	642
	641
	639
Ǽ	639
	638
	638
	637
	635
	634
	634
	633
	633
	630
	630
	629
	626
	625
ؤ	625
	625
	625
	624
	623
գ	621
	620
	620
	618
	618
	617
	614
	614
	612
	612
֡	612
	612
	611
	610
	608
ű	607
	607
	607
	606
	606
	601
ͪ	600
	599
	598
	597
	597
	595
	595
	595
	595
	593
	592
֩	592
	591
	591
	590
á	589
	589
	586
	584
	584
	582
	582
	582
	580
	580
	580
	579
	578
	578
	577
	576
	575
	574
	573
	572
	571
	570
	570
	569
	569
	568
	567
	565
	565
	564
ѳ	564
	564
	564
	564
	563
	562
	562
	561
	560
	560
	559
	559
	559
	558
	558
	557
	556
	556
ڶ	556
	555
	555
	554
	552
	552
	551
	549
	549
	548
	547
	547
ܲ	547
	546
ջ	546
	546
	545
	545
	544
	544
ڣ	544
	542
	541
	540
	540
	540
	540
	538
ѱ	538
ڵ	538
	538
	538
	537
	537
	536
	536
	535
	532
	529
	529
	527
	526
	524
Ǻ	524
	523
	522
	521
	520
	520
׶	519
	519
	518
	518
	517
	516
	516
	515
	515
	515
	515
	514
ȣ	513
	512
	512
	511
	511
	510
	510
ȵ	507
׸	507
	507
±	507
	506
	506
	505
ߺ	504
	503
	503
	503
	502
	501
ߵ	501
	499
	498
ͺ	495
	494
	494
	494
	493
	493
	493
	492
	491
	491
	490
	489
Ӵ	489
ձ	489
	488
	487
	487
	486
	485
	484
	484
	483
	481
	481
	479
	476
	476
	476
	476
	476
	474
	474
	473
Ÿ	472
ݺ	471
ѣ	470
	470
	469
	469
	469
	469
	469
	469
	468
	467
ϻ	466
	466
	465
أ	464
	464
	464
	463
	460
	459
	459
	458
	457
	456
	456
	456
	455
	455
	453
	453
	452
	452
ԫ	451
	451
	450
	449
	449
	449
	449
	449
	448
î	447
	447
	447
׭	446
׾	446
	445
	443
	443
ط	442
	441
	441
	440
	440
	437
	435
	433
	433
պ	433
ȶ	432
	432
޹	432
	431
	430
	428
	427
Ǿ	427
ê	426
	426
	426
	425
	423
	423
	422
	421
	420
	420
	419
	417
	417
	417
	416
	415
	415
	415
ޢ	414
	414
	412
	412
	412
	412
	412
	411
	410
ʺ	410
	410
	410
	408
§	408
	408
	408
ǵ	407
	406
	406
	406
	406
	404
	404
ͫ	404
	403
	403
	403
	403
ξ	401
	400
	400
	400
	400
	398
ݷ	398
	398
	398
	397
	397
	397
Ы	397
	396
	396
	395
	395
	394
	394
	394
	393
ڤ	392
	392
	392
	391
	391
	390
	389
	388
	388
	388
	387
	386
	385
	385
	385
	385
	384
	384
	382
	381
	381
	381
	381
ص	381
	381
	380
	380
ޥ	380
	380
	380
	378
	377
	377
	377
ۢ	377
ҷ	377
	376
ڡ	375
	375
	374
	373
	373
έ	372
	372
	371
	371
	370
	369
	369
	368
	367
	365
	365
	365
	364
	364
	364
	363
˻	363
	362
å	362
	362
	362
	361
	361
	360
	359
	359
	358
	358
	358
	357
	356
	356
ž	355
	355
	354
	354
ç	353
	353
Գ	353
̻	353
	352
	352
	351
	351
ǯ	351
	351
ŧ	350
	350
	349
	349
	349
	348
	348
	348
	347
ک	347
ө	347
ڼ	346
	346
	345
	344
	344
	343
	342
	341
	341
	340
	340
	340
	340
ذ	340
	339
ة	339
	339
	338
	338
	337
	336
	335
	335
	334
̦	334
	334
	333
	333
	332
	332
	332
	332
	331
	330
	330
º	330
	330
	329
	328
	327
	327
	327
	325
²	325
	325
	324
	324
	323
	323
	322
	322
	322
	322
	321
	321
Ҹ	320
	320
	318
	318
ư	318
Ҵ	318
	317
	317
	317
	317
	316
	315
	315
	314
	313
ӷ	313
	312
	312
	311
	311
	311
ߣ	311
	311
	310
	310
	310
	310
	309
	309
	309
	309
	308
	308
	308
	308
	308
	307
	307
	307
	307
	306
	305
	305
	305
	304
	304
	304
	303
	303
ԧ	302
	302
	300
	300
	300
	299
	299
	299
	298
	297
ݬ	297
	297
	297
	296
	296
	295
	295
	295
	295
	294
	294
߳	294
	294
	294
	294
	293
	293
	292
	292
ڨ	292
	292
	292
	292
ߴ	291
Ȭ	291
	291
	290
	290
	289
	288
	287
	287
ڽ	286
	286
	286
	286
	286
	285
	285
	285
	284
	284
	284
ټ	283
	283
	282
	282
	281
ۼ	281
	281
	281
	281
	281
	281
	280
	280
	280
	280
	279
	279
	279
	279
	279
	278
	278
	277
ݫ	277
	277
	277
	276
˩	276
	275
	274
	274
	273
	273
	273
	273
	272
	272
	272
	271
í	271
	271
	270
	270
ӧ	269
	269
	269
	268
	268
	268
	268
	268
	268
ų	267
	267
	267
	267
	266
	266
	265
	265
	264
	264
	264
۳	264
	263
	263
	263
	262
	262
	262
	262
	262
	261
	261
	261
	261
	261
	261
	260
	260
	259
	259
	259
	259
	259
	259
	258
	258
	258
	258
	258
	258
	257
	257
	257
	257
	256
	256
	256
	256
غ	256
	256
	256
	255
	255
	255
	254
	254
	253
	253
	253
	252
	252
	252
	251
	251
	251
	250
	250
	249
	249
	249
	249
	249
	248
	248
	248
	248
	247
	247
	246
	246
	246
	246
¾	245
	245
	245
	245
	244
	243
	243
	243
	242
	242
	242
	242
	241
ۣ	241
	240
	240
	239
	239
	239
	238
	238
	238
	238
	238
Ţ	238
ں	238
ا	237
	237
	237
	237
	237
	237
	237
	236
	236
	236
	235
	235
	235
	235
	235
	235
	235
	234
	234
	234
	233
	233
	233
Ƴ	233
	233
	232
	232
	232
	232
	232
	231
	231
	231
	230
	230
	230
߮	230
	230
	229
	229
ߡ	229
	229
	229
	229
	229
ڮ	228
	228
	228
	227
ګ	227
ȧ	227
	227
ڱ	227
	227
	227
	227
	226
	226
	226
˱	226
	226
	225
	225
	225
	225
	225
ܶ	224
	224
	224
	224
ԯ	224
	224
ۤ	224
	223
޲	223
ϫ	223
	222
	222
	222
	222
	222
	222
	221
	221
	221
	221
	221
	221
ٺ	220
֨	220
	220
	220
	219
	219
	219
	219
	218
	218
	218
	218
ܵ	218
	217
	217
	217
	217
	217
	217
	217
	216
	216
	216
	215
	215
	214
	214
	214
ա	214
	214
	214
	214
	214
	214
	213
	213
	213
	213
	213
	213
۪	212
	212
	212
	212
	212
	212
	212
	212
	211
۸	211
ܷ	210
	210
	209
	209
	208
	208
	208
	208
	208
	208
	207
	207
	207
	207
	207
	206
	206
	206
	206
	206
	205
	205
	205
ݡ	205
	205
	205
	204
	204
	203
	203
	203
	202
	202
	202
	201
	201
	201
ء	201
	201
	201
	201
	200
	200
	199
	199
	199
	199
	199
̣	198
	198
	198
	197
	197
	197
	197
گ	197
	197
	196
ھ	196
	195
	195
	195
	195
	194
	194
	194
	194
	194
	194
	193
	193
	192
ڴ	192
	192
	192
	192
ٯ	192
	191
	191
	191
	190
	190
	190
	190
	190
	189
	189
	189
	189
	189
	188
	188
	188
	188
	188
	188
	188
	188
	188
	187
	187
	186
	186
	186
	186
	186
	186
	186
	185
	185
	184
	184
	184
	184
ب	184
	184
	184
¨	184
ڻ	183
	183
	183
	183
	183
	183
	182
	182
	181
ر	181
	181
ٶ	181
	180
	180
	180
	180
	180
	180
	180
	180
	179
	179
	179
	179
	179
	178
	178
	178
	178
	177
	177
	177
	177
	177
	176
ܼ	176
	176
	176
	176
	176
ݣ	176
	175
	175
	175
ܣ	175
	175
	175
	175
	175
	174
	174
	174
̡	174
	174
	173
	173
	173
	172
	172
߷	172
	172
	172
	172
	172
	172
	171
	171
	171
	171
	171
	170
	170
	170
	170
ڧ	170
	169
	169
	169
	168
	168
	168
	168
	168
	168
	168
	167
	167
	167
	167
	167
	166
	166
ܾ	166
	166
	166
	166
	166
	166
	166
	165
	165
	165
	165
	164
	164
	164
	164
	163
	162
	162
ݵ	162
	161
	161
ȳ	161
	161
ҭ	161
	161
	161
	160
	160
	160
۬	160
°	160
	160
	160
۵	159
	159
	159
	159
ϳ	159
	158
	158
	158
	158
	157
	157
	157
	157
	157
ݶ	157
	156
	156
	156
	156
	156
	156
	155
	155
	155
	155
	154
޸	154
	154
	154
	154
	153
	153
߬	153
Ѣ	153
	153
ܻ	152
	152
	152
	152
	152
	151
	151
ܺ	151
	151
	151
	151
	151
	151
	151
	151
	150
	150
	150
	150
	150
	150
	150
	150
	150
	150
	150
	149
	149
	148
	148
	148
	148
	148
	147
	147
٪	147
׻	147
	147
	147
	147
	146
	146
	146
	146
	146
	146
	145
	145
	145
	145
ʭ	145
	145
	144
	144
	144
Ҿ	144
	144
	144
	144
	144
	144
	144
۴	144
	143
ܡ	143
	143
	143
	143
	143
Ʀ	143
	143
	143
	142
	142
	142
	142
	142
	142
	142
	141
	141
ݰ	141
	141
ڳ	141
	141
	141
	141
޼	140
	140
	140
ش	140
	140
	140
޷	139
	139
	139
	139
	139
	139
	139
	139
	139
	138
	138
	138
	137
	137
	137
	137
	137
	137
	137
	137
	136
	136
	136
	136
	136
	136
̢	136
	136
ڿ	135
	135
ڷ	135
	135
ɦ	135
	135
	134
	134
ܹ	134
	134
	134
	134
	134
	134
ٵ	134
	134
	134
	134
	134
	133
	133
	133
	133
	132
	132
	132
ۿ	132
	132
	132
	132
	132
	132
	132
	132
	132
	131
	131
	131
	131
	131
	130
	130
	130
	130
	130
	130
	130
	130
	129
	129
	129
	129
	129
	129
ެ	128
	128
	128
	128
	128
	128
	128
	128
	128
	128
	128
	128
	127
إ	127
	127
	127
	127
	127
	127
	127
	127
	127
	127
	127
ڲ	127
	126
	126
	126
	126
߲	126
	126
	126
	126
	126
	126
	126
	126
	125
	125
	125
	125
	125
	125
	125
	125
	124
	124
	124
	124
	124
	124
	124
	124
	124
	124
	123
	123
ؼ	123
ؿ	123
	123
	123
	122
	122
	122
	122
	122
	122
	122
	122
Ӽ	121
	121
	121
	121
	121
	121
	121
	120
	120
	120
	120
	120
	120
	120
	120
	120
	120
	119
	119
	119
	119
	119
	119
߻	119
	119
	118
	118
߼	118
	118
	118
	118
	118
	118
	118
	118
	118
	117
ݻ	117
	117
	117
	117
	117
	117
	117
	117
	117
	117
	117
	117
	117
	116
	116
ٽ	116
	116
	116
	116
	116
	116
	115
	115
	115
	115
	115
	115
	115
	115
	115
	115
	115
	115
	115
	115
	115
	114
	114
	114
	114
	114
	114
	114
	114
	114
	114
	114
	113
	113
	113
	113
	113
۷	113
	113
	112
	112
	112
	112
	112
ۺ	112
	112
	112
	112
	112
	112
	112
	112
	112
	112
	112
	111
Ш	111
	111
	111
	111
	111
	111
߽	111
	111
	111
	110
	110
	110
	110
	110
ܸ	110
	110
	110
	110
	110
	110
Ҩ	110
	110
	110
	109
	109
	109
	109
	109
	109
	109
	109
	108
	108
	108
	108
	108
	108
	108
	108
	108
	108
	107
	107
	107
	107
ؾ	107
߱	107
	107
	107
	107
	107
	107
	107
Ž	106
	106
ٿ	106
	106
	106
	106
	106
	106
	106
	106
	106
	105
	105
	105
	105
	105
ȿ	105
	105
ޣ	105
	105
	105
	105
	105
	105
	105
	104
	104
	104
	104
Ǫ	104
	104
	104
	103
	103
޽	103
	103
	103
	103
	103
	103
	102
	102
	102
	102
	102
	102
	101
	101
	101
	101
	101
	101
	101
	101
	101
	101
	100
	100
	100
	100
	100
	100
	100
	100
	100
	100
	100
	100
	100
	99
	99
	99
	99
	99
	99
	99
ҿ	99
	99
	99
	98
	98
	98
	98
	98
	98
	98
	98
	98
	98
	98
	98
	98
	98
	98
	98
	97
	97
	97
	97
	97
	97
	97
	97
	97
	97
	97
	97
	97
٣	97
	97
	97
	96
	96
	96
	96
	96
	96
	96
	96
	96
	96
	95
	95
	95
	95
	95
ٴ	95
	95
	95
	95
	95
	95
	94
	94
	94
	94
	94
	94
	94
	94
	94
	94
	94
	94
	94
	93
	93
	93
	93
۰	93
	93
	93
	93
	93
	92
	92
	92
߰	92
	92
	92
	92
	92
	92
	92
ɻ	92
	92
	92
	92
	91
ظ	91
	91
	91
	91
	91
	91
	91
	91
	91
	90
	90
	90
	90
	90
	90
	90
	90
	90
	89
	89
	89
ݥ	89
	89
	89
	89
	89
	88
	88
	88
޺	88
	88
	88
	88
	88
ܫ	88
	88
	88
	88
	88
	87
	87
	87
	87
	87
	87
	87
	87
	87
	87
	87
	86
	86
	86
ܳ	86
	86
	86
	86
	86
	86
	86
ڰ	86
	86
	86
	86
	86
	86
	86
	86
	86
	85
	85
	85
	85
	85
	85
	85
	85
	85
	85
	85
	85
	85
	85
	85
	85
	85
	85
	84
	84
	84
	84
߹	84
	84
	84
	84
	84
	84
	84
	84
	83
	83
	83
	83
	83
	83
	83
ػ	83
	83
ݳ	83
	83
	83
	83
Ȳ	82
	82
	82
	82
	82
	82
	82
	82
	82
	81
	81
۲	81
	81
	81
	81
	81
	81
ߦ	81
	81
	81
	81
	81
	81
	81
ۯ	81
	81
	80
	80
ٷ	80
	80
	80
	80
	80
	80
	80
	80
	80
س	80
ܱ	80
ߢ	80
	80
	80
	79
	79
	79
	79
	79
	79
	79
	79
	79
	79
	79
	79
	79
	79
	79
	79
	78
	78
۱	78
	78
	78
	78
	78
	78
	78
	78
	78
	78
	78
	78
٧	78
	78
۹	78
	78
	78
߸	78
	77
	77
	77
	77
	77
	77
	77
	77
	77
	77
	77
	77
	77
	76
	76
	76
	76
	76
ڭ	76
	76
	76
	76
	76
	76
	75
	75
	75
	75
	75
	75
	75
	75
	75
	75
	75
	75
	75
	74
	74
	74
	74
	74
ݽ	74
	74
	74
	74
	74
	74
	74
	74
޿	74
	74
	73
޻	73
	73
	73
	73
	73
	73
	73
	73
	73
	73
	73
	72
	72
	72
	72
	72
	72
	72
	72
Φ	72
	72
	72
	72
	71
	71
	71
	71
ܴ	71
	71
	71
	71
	71
	71
	71
	71
	71
	71
	71
޴	71
	71
	71
	70
	70
	70
	70
	70
	70
	70
	70
	70
	70
	70
	70
	69
	69
	69
	69
	69
	69
	69
	69
	69
	69
	69
	69
	69
	68
	68
	68
ض	68
	68
	68
	68
	68
	68
	68
	68
	68
	68
	68
	68
	68
	68
	68
	68
	68
	67
	67
	67
	67
	67
	67
	67
	66
	66
	66
	66
	66
	66
	66
	66
	66
ۧ	65
	65
	65
	65
	65
	65
	65
	65
	65
	65
	65
	65
	65
	65
	65
	65
	65
	65
	65
Ӹ	65
	65
	65
	64
ٰ	64
	64
	64
	64
	64
	64
	64
	64
	64
	64
	63
	63
	63
	63
	63
	63
	63
	63
	63
	63
	63
	63
	63
߿	63
	63
	63
	62
	62
	62
	62
	62
	62
	62
	62
	62
	62
	62
	62
	62
	62
	62
	62
	62
	62
	61
	61
	61
	61
	61
	61
	61
	61
	61
	61
	61
	61
	61
	61
	61
	60
	60
޵	60
	60
	60
	60
	60
	60
	60
	60
	60
	60
	60
	60
	60
	59
	59
	59
	59
ئ	59
	59
	59
	59
	59
	59
ۻ	59
	59
	59
	59
	59
	58
	58
	58
	58
	58
	58
	58
	58
	58
	58
	58
	58
	58
	57
	57
	57
ݩ	57
	57
	57
	57
	57
	57
	57
	57
	56
߯	56
	56
	56
	56
	55
	55
ٹ	55
	55
	55
	55
	55
	55
	55
	55
	55
	55
	55
	55
	55
	55
	55
	55
	55
	55
	55
	55
	54
	54
	54
	54
	54
	54
	54
	54
	54
ޡ	54
	54
	54
	54
	54
	54
	54
	54
	54
	54
	54
	54
	54
	54
	54
	53
	53
	53
	53
	53
	53
	53
	53
	53
	53
	53
	53
ߗ	53
	53
۾	53
	53
	53
	53
	52
	52
	52
	52
	52
	52
	52
	52
	52
	51
	51
	51
	51
	51
	51
	51
	51
ާ	51
	51
	51
	51
	51
	51
	50
	50
پ	50
	50
	50
	50
	50
	50
	50
	50
	50
	50
	50
	50
	50
	50
	50
	49
	49
	49
	49
	49
	49
	49
	49
	49
	49
	49
	49
	49
	49
ٱ	48
	48
	48
	48
	48
	48
	48
	48
	48
	48
	48
ݿ	48
	48
	48
	47
	47
	47
	47
	47
	47
	47
	47
	47
	47
	47
	47
	47
	47
	47
	47
	46
	46
	46
	46
	46
	46
	46
	46
	46
	46
	46
	46
	46
	46
	46
	46
	46
	46
	45
	45
	45
	45
	45
	45
	45
	45
	45
	45
	45
	45
	45
ޭ	45
٫	45
	45
	45
	45
	45
	45
	44
	44
ݲ	44
	44
	44
	44
	44
	44
	44
	44
	44
	44
	44
	44
	43
	43
	43
	43
	43
	43
	43
	43
	43
	43
	43
ݴ	43
	43
	43
	43
	43
	43
	43
	43
	42
	42
ۨ	42
	42
	42
	42
	42
	42
	42
	42
	42
ߪ	42
	42
	42
	42
	42
	42
	42
ݹ	41
ǥ	41
	41
	41
	41
٬	41
	41
	41
	41
	41
	41
	41
	41
	41
	41
	41
	41
	41
	41
	40
	40
	40
	40
	40
	40
	40
	40
ܭ	40
	40
	40
	40
	40
	40
	40
ܤ	40
	40
	39
	39
	39
	39
	39
	39
	39
	39
	39
	39
	39
۽	39
	39
	39
	39
	39
	39
	38
	38
	38
	38
	38
	38
	38
	38
	38
	38
	38
	38
	38
	37
	37
߾	37
	37
	37
	37
	37
	37
	37
	37
	37
	37
	37
	37
	37
	37
	37
	37
	37
	36
	36
	36
	36
	36
	36
	36
	36
	36
	36
	36
	36
	36
	36
	36
	36
	36
	36
	36
	36
	35
	35
	35
	35
	35
	35
	35
٭	35
	35
	35
	35
	35
	35
	35
	35
	35
	35
	35
	34
	34
	34
	34
	34
	34
	34
	34
	34
	34
	34
	34
	34
	34
	34
	34
	34
	34
	34
	34
	34
	33
	33
	33
ݪ	33
	33
	33
	33
	33
ݾ	33
	33
	33
	33
	33
	33
	33
	33
	33
	33
	33
	33
	33
	33
	33
	33
	33
	32
	32
	32
	32
	32
	32
	32
	32
	32
	32
	32
	32
	32
ڦ	31
	31
޶	31
	31
	31
	31
̪	31
	31
	31
	31
	31
	31
	31
	31
	31
	31
	31
	31
	31
ܥ	30
	30
	30
	30
	30
	30
	30
	30
	30
	30
	30
	30
	30
	30
	30
	30
	30
	30
	30
	30
	30
	30
	30
	30
	29
	29
	29
	29
	29
	29
	29
	29
	29
	29
	29
	29
	29
	29
	28
	28
	28
	28
	28
	28
	28
	28
	28
ۭ	28
	27
	27
ϭ	27
	27
	27
	27
	27
	27
	27
٥	27
	27
	27
ݭ	27
	27
	26
	26
	26
	26
	26
	26
	26
	26
	26
	26
	26
ث	26
	26
	26
	26
	26
	26
	25
	25
	25
	25
	25
	25
	25
	25
	25
	25
	25
	25
	25
	25
	25
	25
	25
	25
۫	25
ӝ	25
	24
	24
	24
	24
	24
	24
	24
	24
	24
	24
	24
	24
ޮ	24
	24
	24
	24
	24
	24
	24
	24
	24
	24
	24
	24
	24
	24
	24
	23
	23
	23
	23
	23
	23
	23
	23
ت	23
	23
ۏ	23
	23
	23
	23
	23
	23
	23
	23
	23
	22
	22
	22
	22
	22
	22
	22
	22
	22
	22
	22
	22
	22
٢	22
	21
ܯ	21
	21
	21
	21
	21
	21
	21
޳	21
	21
	21
	21
	21
	20
	20
ʛ	20
	20
	20
	20
	20
	20
	20
	20
	20
	20
	20
	20
	20
	20
	20
	20
	20
	19
	19
	19
	19
	19
	19
	19
	19
	19
	19
ޤ	19
	19
	19
ۥ	19
ަ	19
	19
	19
	19
	19
	19
	19
	18
	18
	18
	18
	18
	18
	18
	18
	18
	18
	18
ݯ	18
	18
	18
	18
	18
	18
	18
	18
	18
	18
	17
	17
	17
	17
	17
	17
	17
	17
	17
	17
	17
	17
	17
	17
	17
	17
	16
	16
ǉ	16
	16
	16
	16
	16
	16
	16
	16
	16
	16
	16
ߥ	16
	15
	15
	15
	15
	15
	15
	15
ߩ	15
	15
Ǒ	15
	15
	15
	15
	15
	15
	15
	15
	15
	14
	14
	14
	14
	14
	14
۩	14
	14
	14
	14
	14
	14
	14
ި	14
	14
	14
	14
	14
	14
	14
	14
	14
	14
	14
Р	14
ч	14
	14
	14
	14
	14
	13
	13
	13
	13
	13
޾	13
	13
	13
	13
	13
	13
	13
	13
	13
	12
	12
ڬ	12
	12
	12
	12
	12
	12
	12
	12
	12
	12
	12
	12
	12
	12
	12
	12
	12
	12
	12
	12
	12
	12
ް	12
	11
	11
ƀ	11
	11
	11
	11
	11
	11
	11
	11
ޒ	11
	11
ƃ	11
	11
	11
	11
	11
	11
	11
	11
	11
	11
	11
	11
	11
	10
	10
	10
Ɲ	10
	10
	10
	10
	10
	10
	10
	10
	10
	10
	10
	10
	10
	9
	9
	9
	9
	9
	9
	9
	9
	9
	9
	9
	9
	9
	9
	9
	9
	9
	9
	9
	9
	9
	9
	9
	9
	9
	9
	8
	8
	8
	8
	8
	8
	8
	8
ʀ	8
	8
	8
	8
	8
	8
٨	8
	8
	8
ܩ	8
	8
	8
	8
ԁ	8
	8
	8
	8
נ	8
	8
	7
	7
	7
	7
	7
	7
	7
	7
	7
	7
	7
	7
	7
	7
	7
	7
	7
	7
	7
	7
	7
Ǥ	7
	7
	7
	7
	7
	7
	7
	7
	6
	6
	6
	6
	6
	6
	6
Ş	6
	6
	6
	6
	6
	6
ۉ	6
	6
	6
͌	6
	6
	6
	6
	6
	6
	6
	6
	6
	6
	6
	6
	6
	6
	6
ܧ	6
	6
ӛ	6
	6
	6
	6
ˇ	6
	6
	6
	6
	6
	6
̌	6
	6
	6
	6
	6
	6
	6
	6
ݢ	5
	5
	5
	5
	5
	5
	5
	5
	5
	5
	5
	5
	5
	5
	5
	5
	5
Ú	5
	5
	5
	5
	5
ܕ	5
	5
	5
Ñ	5
	5
	5
	5
	5
	5
	5
	5
	5
	5
	5
	5
	5
	5
	5
	5
̖	5
	5
	5
	5
	5
	5
	5
	5
ȑ	5
	5
	5
	5
ܢ	5
	5
	5
	4
	4
	4
	4
Ո	4
	4
	4
	4
	4
	4
	4
	4
	4
	4
	4
	4
	4
	4
	4
	4
	4
	4
	4
	4
	4
	4
	4
	4
	4
	4
	4
	4
	4
	4
	4
	4
	4
	4
	4
	4
	4
	4
	4
	4
	4
	4
	4
	4
	4
	4
	4
	4
ڪ	4
	4
	4
	4
	4
	4
	4
	4
	4
	4
	4
	4
	4
ٚ	4
	4
	4
	4
	4
ޕ	4
	4
	4
	4
	4
	4
	4
	4
	4
	4
	4
̕	4
ڌ	3
	3
	3
	3
	3
	3
	3
	3
	3
	3
	3
	3
	3
	3
	3
	3
	3
	3
	3
	3
	3
	3
	3
	3
	3
	3
	3
	3
	3
	3
ߤ	3
	3
	3
	3
	3
	3
	3
	3
	3
	3
ޯ	3
	3
	3
	3
	3
	3
	3
	3
	3
	3
	3
	3
	3
	3
	3
	3
	3
	3
ܨ	3
	3
܇	3
	3
	3
Ɂ	3
	3
Ɉ	3
	3
	3
	3
	3
Օ	3
	3
	3
	3
	3
	3
	3
	3
	3
	3
܊	3
	3
	3
	3
	3
	3
	3
	3
	3
	3
	3
	3
	3
	3
	3
	3
	3
	3
	2
	2
Ӌ	2
	2
	2
	2
ă	2
	2
	2
	2
Ą	2
	2
	2
Є	2
ۦ	2
	2
	2
	2
	2
	2
	2
	2
	2
	2
	2
	2
	2
	2
Ȅ	2
	2
	2
Ж	2
	2
ϖ	2
	2
	2
ު	2
ީ	2
	2
	2
	2
Ē	2
Ӛ	2
	2
	2
ĕ	2
	2
	2
	2
	2
	2
	2
	2
Ę	2
ę	2
ڝ	2
	2
ݦ	2
	2
	2
	2
ݤ	2
	2
	2
	2
	2
	2
	2
	2
	2
	2
	2
	2
	2
	2
	2
	2
	2
ƅ	2
	2
	2
	2
	2
	2
	2
Ӎ	2
	2
	2
	2
	2
	2
	2
	2
	2
	2
	2
	2
	2
	2
ە	2
	2
	2
	2
	2
	2
	2
	2
	2
ׄ	2
	2
	2
	2
׌	2
	2
	2
ӈ	2
Ǌ	2
	2
	2
	2
٦	2
	2
	2
ו	2
	2
ُ	2
	2
	2
	2
̘	2
 	2
	2
	2
	2
	2
	2
	2
	2
ˊ	2
	2
	2
	2
	2
ˁ	2
	2
ɞ	2
ɛ	2
	2
ɖ	2
	2
	2
	2
	2
	2
	2
	2
	2
ǃ	2
ؐ	2
ŕ	2
	2
	2
	2
	2
ŏ	2
	2
	2
	2
ܬ	2
	2
߂	2
Ҋ	2
	2
	2
	2
	2
	2
	2
	2
	2
Ń	2
	2
	2
آ	2
	2
	2
	2
ؑ	2
	2
	2
	2
	2
	2
	1
	1
	1
	1
	1
ĝ	1
ğ	1
	1
Ġ	1
	1
	1
	1
	1
	1
	1
	1
	1
	1
	1
	1
ř	1
	1
	1
	1
	1
	1
փ	1
	1
	1
	1
ք	1
	1
	1
	1
֍	1
ȉ	1
֎	1
֝	1
Ռ	1
љ	1
Ԁ	1
я	1
՝	1
	1
И	1
	1
ӌ	1
	1
	1
	1
	1
	1
	1
Д	1
	1
	1
	1
	1
	1
	1
	1
	1
	1
ș	1
	1
	1
۠	1
	1
Ԇ	1
	1
	1
	1
	1
	1
	1
	1
	1
	1
	1
Ѝ	1
	1
	1
	1
Ϡ	1
ڠ	1
ڕ	1
	1
	1
	1
	1
	1
	1
	1
	1
	1
	1
	1
	1
	1
	1
ڈ	1
	1
ϕ	1
	1
	1
	1
	1
ڃ	1
	1
	1
	1
	1
	1
	1
ϒ	1
	1
	1
	1
	1
	1
Ǖ	1
	1
ϑ	1
	1
	1
ϐ	1
	1
	1
Ǡ	1
ώ	1
	1
Ԍ	1
	1
Θ	1
	1
	1
	1
΄	1
͊	1
	1
	1
̓	1
	1
	1
	1
	1
	1
	1
	1
	1
	1
	1
	1
	1
	1
	1
	1
	1
׆	1
	1
	1
	1
	1
	1
	1
	1
	1
ג	1
ד	1
	1
	1
	1
	1
	1
	1
	1
É	1
	1
	1
	1
ڇ	1
	1
	1
	1
	1
	1
	1
	1
Ì	1
	1
	1
Ӂ	1
	1
	1
	1
	1
	1
	1
ٛ	1
Ø	1
ޝ	1
	1
ޙ	1
ك	1
	1
̠	1
ـ	1
	1
	1
̟	1
	1
	1
	1
	1
	1
	1
	1
	1
̓	1
	1
	1
	1
̍	1
	1
	1
	1
	1
	1
˚	1
	1
	1
۔	1
	1
	1
	1
	1
	1
	1
ˑ	1
ˎ	1
	1
	1
Ə	1
	1
ˉ	1
	1
	1
˃	1
	1
	1
ǋ	1
	1
	1
	1
	1
ҟ	1
	1
	1
	1
	1
	1
	1
	1
	1
	1
ƈ	1
	1
	1
Ǉ	1
	1
	1
	1
ɔ	1
	1
ɇ	1
Ƃ	1
	1
	1
	1
؂	1
	1
	1
	1
	1
܎	1
	1
	1
ߟ	1
	1
	1
	1
؄	1
؈	1
	1
ߘ	1
	1
	1
	1
	1
	1
ܖ	1
	1
	1
	1
	1
	1
	1
	1
	1
	1
ߓ	1
	1
ߌ	1
	1
߉	1
ܪ	1
	1
߃	1
	1
ć	1
	1
	1
Ҍ	1
	1
	1
	1
	1
	1
	1
	1
	1
	1
	1
	1
	1
	1
Ĉ	1
	1
	1
	1
	1
	1
	1
҈	1
Ŗ	1
	1
	1
د	1
	1
Č	1
	1
	1
	1
	1
	1
	1
	1
	1
	1
	1
	1
	1
	1
	1
	1
	1
	1
	1
	1
҂	1
	1
	1
	1
	1
Ӟ	1
	1
	1
	1
	1
	1
	1
	1
	1
؜	1
ݨ	1
	1
	1
	1
	1
	1
	1
	1
	1
	1
	1
	1
	1
	1
ԟ	1
	1
ݔ	1
	1
	1
Ě	1
݋	1
	1
